LEVEL 2
SCORE 330
PLAYER 92 27 989.542 730 0
ENEMIES 36
0 0 0 1 -8 498.745 572.518 1 0 1.70538
1 0 0 1 18 769.352 678.367 0 0 1.13925
0 0 0 1 -9 889.968 574.542 1 0 2.04782
0 0 0 1 -9 1168.73 110 0 0 0.617502
0 0 0 1 -9 1297.49 134 0 0 2.68781
0 0 0 1 -9 1321.86 134 0 0 1.88551
1 0 0 1 18 620.636 470.619 0 1 1.27208
1 0 0 1 18 730.636 204 0 0 2.18965
0 0 0 1 -8 548.74 180 0 0 0.240668
0 0 0 1 -9 1143.1 180 0 0 0.403974
0 0 0 1 -8 713.748 180 0 0 0.801692
0 0 0 1 -9 1393.73 204 0 0 0.316511
0 0 0 1 -8 369.373 250 0 0 2.74988
0 0 0 1 -8 456.858 250 0 0 0.559362
0 0 0 1 -8 549.378 250 0 0 0.763587
0 0 0 1 -8 625.119 250 0 0 0.674235
0 0 0 1 -8 718.111 250 0 0 0.993211
0 0 0 1 -8 794.997 250 0 0 1.65114
0 0 0 1 10 0 0 0 0 1
0 0 0 1 10 0 0 0 0 1
0 0 0 1 10 0 0 0 0 1
0 0 0 1 10 0 0 0 0 1
0 0 0 1 10 0 0 0 0 1
0 0 0 1 10 0 0 0 0 1
0 0 0 1 10 0 0 0 0 1
0 0 0 1 10 0 0 0 0 1
0 0 0 1 10 0 0 0 0 1
0 0 0 1 10 0 0 0 0 1
0 0 0 1 10 0 0 0 0 1
0 0 0 1 10 0 0 0 0 1
0 0 0 1 10 0 0 0 0 1
0 0 0 1 10 0 0 0 0 1
0 0 0 1 10 0 0 0 0 1
0 0 0 1 10 0 0 0 0 1
0 0 0 1 10 0 0 0 0 1
0 0 0 1 10 0 0 0 0 1
ITEMS 16
1 0 1143.1 749.123
1 0 1168.73 644.958
1 1 1393.73 677.305
1 3 1321.86 511.473
0 -1 549.378 830.806
0 -1 369.373 830.828
0 -1 0 0
0 -1 0 0
0 -1 0 0
0 -1 0 0
0 -1 0 0
0 -1 0 0
0 -1 0 0
0 -1 0 0
0 -1 0 0
0 -1 0 0
